0 1 101 201
1 2 102 202
2 3 103 203
3 4 104 204
4 5 105 205
5 6 106 206
6 7 107 207
7 8 108 208
8 9 109 209
9 10 110 210
10 11 111 211
11 12 112 212
12 13 113 213
13 14 114 214
14 15 115 215
15 16 116 216
16 17 117 217
17 18 118 218
18 19 119 219
19 20 120 220
20 21 121 221
21 22 122 222
22 23 123 223
23 24 124 224
24 25 125 225
25 26 126 226
26 27 127 227
27 28 128 228
28 29 129 229
29 30 130 230
30 31 131 231
31 32 132 232
32 33 133 233
33 34 134 234
34 35 135 235
35 36 136 236
36 37 137 237
37 38 138 238
38 39 139 239
39 40 140 240
40 41 141 241
41 42 142 242
42 43 143 243
43 44 144 244
44 45 145 245
45 46 146 246
46 47 147 247
47 48 148 248
48 49 149 249
49 50 150 250
50 51 151 251
51 52 152 252
52 53 153 253
53 54 154 254
54 55 155 255
55 56 156 256
56 57 157 257
57 58 158 258
58 59 159 259
59 60 160 260
60 61 161 261
61 62 162 262
62 63 163 263
63 64 164 264
64 65 165 265
65 66 166 266
66 67 167 267
67 68 168 268
68 69 169 269
69 70 170 270
70 71 171 271
71 72 172 272
72 73 173 273
73 74 174 274
74 75 175 275
75 76 176 276
76 77 177 277
77 78 178 278
78 79 179 279
79 80 180 280
80 81 181 281
81 82 182 282
82 83 183 283
83 84 184 284
84 85 185 285
85 86 186 286
86 87 187 287
87 88 188 288
88 89 189 289
89 90 190 290
90 91 191 291
91 92 192 292
92 93 193 293
93 94 194 294
94 95 195 295
95 96 196 296
96 97 197 297
97 98 198 298
98 99 199 299
99 100 200 300
